solid OpenSCAD_Model
  facet normal 0 0 -1
    outer loop
      vertex -5 0 0
      vertex -4.6194 1.91342 0
      vertex -4.6194 -1.91342 0
    endloop
  endfacet
  facet normal 0 0 -1
    outer loop
      vertex -4.6194 -1.91342 0
      vertex -4.6194 1.91342 0
      vertex -3.53553 3.53553 0
    endloop
  endfacet
  facet normal 0 0 -1
    outer loop
      vertex -4.6194 -1.91342 0
      vertex -3.53553 3.53553 0
      vertex -1.91342 4.6194 0
    endloop
  endfacet
  facet normal 0 0 -1
    outer loop
      vertex -4.6194 -1.91342 0
      vertex -1.91342 4.6194 0
      vertex 0 5 0
    endloop
  endfacet
  facet normal 0 0 -1
    outer loop
      vertex -4.6194 -1.91342 0
      vertex 0 5 0
      vertex 1.91342 4.6194 0
    endloop
  endfacet
  facet normal 0 0 -1
    outer loop
      vertex -4.6194 -1.91342 0
      vertex 1.91342 4.6194 0
      vertex 3.53553 3.53553 0
    endloop
  endfacet
  facet normal 0 0 -1
    outer loop
      vertex -4.6194 -1.91342 0
      vertex 3.53553 3.53553 0
      vertex 4.6194 1.91342 0
    endloop
  endfacet
  facet normal 0 0 -1
    outer loop
      vertex -4.6194 -1.91342 0
      vertex 4.6194 1.91342 0
      vertex 5 0 0
    endloop
  endfacet
  facet normal 0 0 -1
    outer loop
      vertex -4.6194 -1.91342 0
      vertex 5 0 0
      vertex 4.6194 -1.91342 0
    endloop
  endfacet
  facet normal 0 0 -1
    outer loop
      vertex -4.6194 -1.91342 0
      vertex 4.6194 -1.91342 0
      vertex 3.53553 -3.53553 0
    endloop
  endfacet
  facet normal 0 0 -1
    outer loop
      vertex -4.6194 -1.91342 0
      vertex 3.53553 -3.53553 0
      vertex 1.91342 -4.6194 0
    endloop
  endfacet
  facet normal 0 0 -1
    outer loop
      vertex -4.6194 -1.91342 0
      vertex 1.91342 -4.6194 0
      vertex 0 -5 0
    endloop
  endfacet
  facet normal 0 0 -1
    outer loop
      vertex -4.6194 -1.91342 0
      vertex 0 -5 0
      vertex -1.91342 -4.6194 0
    endloop
  endfacet
  facet normal 0 0 -1
    outer loop
      vertex -4.6194 -1.91342 0
      vertex -1.91342 -4.6194 0
      vertex -3.53553 -3.53553 0
    endloop
  endfacet
  facet normal -0.980785 0.19509 0
    outer loop
      vertex -5 0 0
      vertex -5 0 75
      vertex -4.6194 1.91342 0
    endloop
  endfacet
  facet normal -0.980785 0.19509 0
    outer loop
      vertex -4.6194 1.91342 0
      vertex -5 0 75
      vertex -4.6194 1.91342 75
    endloop
  endfacet
  facet normal -0.980785 -0.19509 0
    outer loop
      vertex -5 0 0
      vertex -4.6194 -1.91342 0
      vertex -5 0 75
    endloop
  endfacet
  facet normal -0.980785 -0.19509 0
    outer loop
      vertex -5 0 75
      vertex -4.6194 -1.91342 0
      vertex -4.6194 -1.91342 75
    endloop
  endfacet
  facet normal -0.83147 -0.55557 0
    outer loop
      vertex -4.6194 -1.91342 0
      vertex -3.53553 -3.53553 0
      vertex -4.6194 -1.91342 75
    endloop
  endfacet
  facet normal -0.83147 -0.55557 0
    outer loop
      vertex -4.6194 -1.91342 75
      vertex -3.53553 -3.53553 0
      vertex -3.53553 -3.53553 75
    endloop
  endfacet
  facet normal -0.55557 -0.83147 0
    outer loop
      vertex -3.53553 -3.53553 75
      vertex -3.53553 -3.53553 0
      vertex -1.91342 -4.6194 0
    endloop
  endfacet
  facet normal -0.55557 -0.83147 0
    outer loop
      vertex -1.91342 -4.6194 75
      vertex -3.53553 -3.53553 75
      vertex -1.91342 -4.6194 0
    endloop
  endfacet
  facet normal -0.19509 -0.980785 0
    outer loop
      vertex -1.91342 -4.6194 75
      vertex -1.91342 -4.6194 0
      vertex 0 -5 0
    endloop
  endfacet
  facet normal -0.19509 -0.980785 0
    outer loop
      vertex 0 -5 75
      vertex -1.91342 -4.6194 75
      vertex 0 -5 0
    endloop
  endfacet
  facet normal 0.19509 -0.980785 0
    outer loop
      vertex 0 -5 75
      vertex 0 -5 0
      vertex 1.91342 -4.6194 0
    endloop
  endfacet
  facet normal 0.19509 -0.980785 0
    outer loop
      vertex 1.91342 -4.6194 75
      vertex 0 -5 75
      vertex 1.91342 -4.6194 0
    endloop
  endfacet
  facet normal 0.55557 -0.83147 0
    outer loop
      vertex 1.91342 -4.6194 75
      vertex 1.91342 -4.6194 0
      vertex 3.53553 -3.53553 0
    endloop
  endfacet
  facet normal 0.55557 -0.83147 0
    outer loop
      vertex 3.53553 -3.53553 75
      vertex 1.91342 -4.6194 75
      vertex 3.53553 -3.53553 0
    endloop
  endfacet
  facet normal 0.83147 -0.55557 0
    outer loop
      vertex 3.53553 -3.53553 75
      vertex 3.53553 -3.53553 0
      vertex 4.6194 -1.91342 0
    endloop
  endfacet
  facet normal 0.83147 -0.55557 0
    outer loop
      vertex 4.6194 -1.91342 75
      vertex 3.53553 -3.53553 75
      vertex 4.6194 -1.91342 0
    endloop
  endfacet
  facet normal 0.980785 -0.19509 0
    outer loop
      vertex 4.6194 -1.91342 75
      vertex 4.6194 -1.91342 0
      vertex 5 0 0
    endloop
  endfacet
  facet normal 0.980785 -0.19509 0
    outer loop
      vertex 5 0 75
      vertex 4.6194 -1.91342 75
      vertex 5 0 0
    endloop
  endfacet
  facet normal 0.980785 0.19509 0
    outer loop
      vertex 5 0 0
      vertex 4.6194 1.91342 0
      vertex 4.6194 1.91342 75
    endloop
  endfacet
  facet normal 0.980785 0.19509 0
    outer loop
      vertex 5 0 75
      vertex 5 0 0
      vertex 4.6194 1.91342 75
    endloop
  endfacet
  facet normal 0.83147 0.55557 0
    outer loop
      vertex 4.6194 1.91342 0
      vertex 3.53553 3.53553 0
      vertex 3.53553 3.53553 75
    endloop
  endfacet
  facet normal 0.83147 0.55557 0
    outer loop
      vertex 4.6194 1.91342 75
      vertex 4.6194 1.91342 0
      vertex 3.53553 3.53553 75
    endloop
  endfacet
  facet normal 0.55557 0.83147 0
    outer loop
      vertex 1.91342 4.6194 0
      vertex 1.91342 4.6194 75
      vertex 3.53553 3.53553 0
    endloop
  endfacet
  facet normal 0.55557 0.83147 0
    outer loop
      vertex 3.53553 3.53553 0
      vertex 1.91342 4.6194 75
      vertex 3.53553 3.53553 75
    endloop
  endfacet
  facet normal 0.19509 0.980785 0
    outer loop
      vertex 0 5 0
      vertex 0 5 75
      vertex 1.91342 4.6194 0
    endloop
  endfacet
  facet normal 0.19509 0.980785 0
    outer loop
      vertex 1.91342 4.6194 0
      vertex 0 5 75
      vertex 1.91342 4.6194 75
    endloop
  endfacet
  facet normal -0.19509 0.980785 0
    outer loop
      vertex -1.91342 4.6194 0
      vertex -1.91342 4.6194 75
      vertex 0 5 0
    endloop
  endfacet
  facet normal -0.19509 0.980785 0
    outer loop
      vertex 0 5 0
      vertex -1.91342 4.6194 75
      vertex 0 5 75
    endloop
  endfacet
  facet normal -0.55557 0.83147 0
    outer loop
      vertex -3.53553 3.53553 0
      vertex -3.53553 3.53553 75
      vertex -1.91342 4.6194 0
    endloop
  endfacet
  facet normal -0.55557 0.83147 0
    outer loop
      vertex -1.91342 4.6194 0
      vertex -3.53553 3.53553 75
      vertex -1.91342 4.6194 75
    endloop
  endfacet
  facet normal -0.83147 0.55557 0
    outer loop
      vertex -4.6194 1.91342 0
      vertex -4.6194 1.91342 75
      vertex -3.53553 3.53553 0
    endloop
  endfacet
  facet normal -0.83147 0.55557 0
    outer loop
      vertex -3.53553 3.53553 0
      vertex -4.6194 1.91342 75
      vertex -3.53553 3.53553 75
    endloop
  endfacet
  facet normal 0 0 1
    outer loop
      vertex -4.6194 1.91342 75
      vertex -5 0 75
      vertex -4.6194 -1.91342 75
    endloop
  endfacet
  facet normal 0 0 1
    outer loop
      vertex -1.91342 -4.6194 75
      vertex -4.6194 1.91342 75
      vertex -3.53553 -3.53553 75
    endloop
  endfacet
  facet normal 0 0 1
    outer loop
      vertex -3.53553 -3.53553 75
      vertex -4.6194 1.91342 75
      vertex -4.6194 -1.91342 75
    endloop
  endfacet
  facet normal 0 0 1
    outer loop
      vertex 0 -5 75
      vertex -4.6194 1.91342 75
      vertex -1.91342 -4.6194 75
    endloop
  endfacet
  facet normal 0 0 1
    outer loop
      vertex 1.91342 -4.6194 75
      vertex -4.6194 1.91342 75
      vertex 0 -5 75
    endloop
  endfacet
  facet normal 0 0 1
    outer loop
      vertex 0 -2.5 75
      vertex -4.6194 1.91342 75
      vertex 1.91342 -4.6194 75
    endloop
  endfacet
  facet normal 0 0 1
    outer loop
      vertex -2.5 0 75
      vertex 0 2.5 75
      vertex -4.6194 1.91342 75
    endloop
  endfacet
  facet normal 0 0 1
    outer loop
      vertex 1.91342 4.6194 75
      vertex -4.6194 1.91342 75
      vertex 3.53553 3.53553 75
    endloop
  endfacet
  facet normal 0 0 1
    outer loop
      vertex 0 5 75
      vertex -4.6194 1.91342 75
      vertex 1.91342 4.6194 75
    endloop
  endfacet
  facet normal 0 0 1
    outer loop
      vertex -1.91342 4.6194 75
      vertex -4.6194 1.91342 75
      vertex 0 5 75
    endloop
  endfacet
  facet normal 0 0 1
    outer loop
      vertex -3.53553 3.53553 75
      vertex -4.6194 1.91342 75
      vertex -1.91342 4.6194 75
    endloop
  endfacet
  facet normal 0 0 1
    outer loop
      vertex 3.53553 -3.53553 75
      vertex 0 -2.5 75
      vertex 1.91342 -4.6194 75
    endloop
  endfacet
  facet normal 0 0 1
    outer loop
      vertex -2.5 0 75
      vertex -4.6194 1.91342 75
      vertex 0 -2.5 75
    endloop
  endfacet
  facet normal 0 0 1
    outer loop
      vertex 0 2.5 75
      vertex 5 0 75
      vertex 4.6194 1.91342 75
    endloop
  endfacet
  facet normal 0 0 1
    outer loop
      vertex 0 2.5 75
      vertex 2.5 0 75
      vertex 5 0 75
    endloop
  endfacet
  facet normal 0 0 1
    outer loop
      vertex 3.53553 3.53553 75
      vertex 0 2.5 75
      vertex 4.6194 1.91342 75
    endloop
  endfacet
  facet normal 0 0 1
    outer loop
      vertex 3.53553 3.53553 75
      vertex -4.6194 1.91342 75
      vertex 0 2.5 75
    endloop
  endfacet
  facet normal 0 0 1
    outer loop
      vertex 5 0 75
      vertex 2.5 0 75
      vertex 4.6194 -1.91342 75
    endloop
  endfacet
  facet normal 0 0 1
    outer loop
      vertex 2.5 0 75
      vertex 3.53553 -3.53553 75
      vertex 4.6194 -1.91342 75
    endloop
  endfacet
  facet normal 0 0 1
    outer loop
      vertex 2.5 0 75
      vertex 0 -2.5 75
      vertex 3.53553 -3.53553 75
    endloop
  endfacet
  facet normal 0 0 1
    outer loop
      vertex 0 2.5 75
      vertex -2.5 0 75
      vertex 0 -2.5 75
    endloop
  endfacet
  facet normal 0 0 1
    outer loop
      vertex 2.5 0 75
      vertex 0 2.5 75
      vertex 0 -2.5 75
    endloop
  endfacet
endsolid OpenSCAD_Model
